{
  "baseline":0.02,
  "fx":924.2773797458503,
  "fy":519.9060261070408,
  "cx":640.0,
  "cy":360.0,
  "camera_matrix":[0.036361380777597985, 0.6988448578557066, 0.7143484546330199, -1.5620065838424029, 0.999330520966789, -0.022534398094745223, -0.0288220534791242, -0.004288581503827216, -0.004044731411661673, 0.7149182229815831, -0.699196377705622, 0.8126686641282106]
}